p cnf 36 231

19 20 21 0
28 29 30 0
22 23 24 0
31 32 33 0
25 26 27 0
34 35 36 0
-19 -22 0
-28 -31 0
-19 -25 0
-28 -34 0
-22 -19 0
-31 -28 0
-22 -25 0
-31 -34 0
-25 -19 0
-34 -28 0
-25 -22 0
-34 -31 0
-20 -23 0
-29 -32 0
-20 -26 0
-29 -35 0
-23 -20 0
-32 -29 0
-23 -26 0
-32 -35 0
-26 -20 0
-35 -29 0
-26 -23 0
-35 -32 0
-21 -24 0
-30 -33 0
-21 -27 0
-30 -36 0
-24 -21 0
-33 -30 0
-24 -27 0
-33 -36 0
-27 -21 0
-36 -30 0
-27 -24 0
-36 -33 0
-19 -28 -1 10 0
-19 -28 1 -10 0
-19 -29 -1 11 0
-19 -29 1 -11 0
-19 -30 -1 12 0
-19 -30 1 -12 0
-20 -28 -1 13 0
-20 -28 1 -13 0
-20 -29 -1 14 0
-20 -29 1 -14 0
-20 -30 -1 15 0
-20 -30 1 -15 0
-21 -28 -1 16 0
-21 -28 1 -16 0
-21 -29 -1 17 0
-21 -29 1 -17 0
-21 -30 -1 18 0
-21 -30 1 -18 0
-19 -31 -2 10 0
-19 -31 2 -10 0
-19 -32 -2 11 0
-19 -32 2 -11 0
-19 -33 -2 12 0
-19 -33 2 -12 0
-20 -31 -2 13 0
-20 -31 2 -13 0
-20 -32 -2 14 0
-20 -32 2 -14 0
-20 -33 -2 15 0
-20 -33 2 -15 0
-21 -31 -2 16 0
-21 -31 2 -16 0
-21 -32 -2 17 0
-21 -32 2 -17 0
-21 -33 -2 18 0
-21 -33 2 -18 0
-19 -34 -3 10 0
-19 -34 3 -10 0
-19 -35 -3 11 0
-19 -35 3 -11 0
-19 -36 -3 12 0
-19 -36 3 -12 0
-20 -34 -3 13 0
-20 -34 3 -13 0
-20 -35 -3 14 0
-20 -35 3 -14 0
-20 -36 -3 15 0
-20 -36 3 -15 0
-21 -34 -3 16 0
-21 -34 3 -16 0
-21 -35 -3 17 0
-21 -35 3 -17 0
-21 -36 -3 18 0
-21 -36 3 -18 0
-22 -28 -4 10 0
-22 -28 4 -10 0
-22 -29 -4 11 0
-22 -29 4 -11 0
-22 -30 -4 12 0
-22 -30 4 -12 0
-23 -28 -4 13 0
-23 -28 4 -13 0
-23 -29 -4 14 0
-23 -29 4 -14 0
-23 -30 -4 15 0
-23 -30 4 -15 0
-24 -28 -4 16 0
-24 -28 4 -16 0
-24 -29 -4 17 0
-24 -29 4 -17 0
-24 -30 -4 18 0
-24 -30 4 -18 0
-22 -31 -5 10 0
-22 -31 5 -10 0
-22 -32 -5 11 0
-22 -32 5 -11 0
-22 -33 -5 12 0
-22 -33 5 -12 0
-23 -31 -5 13 0
-23 -31 5 -13 0
-23 -32 -5 14 0
-23 -32 5 -14 0
-23 -33 -5 15 0
-23 -33 5 -15 0
-24 -31 -5 16 0
-24 -31 5 -16 0
-24 -32 -5 17 0
-24 -32 5 -17 0
-24 -33 -5 18 0
-24 -33 5 -18 0
-22 -34 -6 10 0
-22 -34 6 -10 0
-22 -35 -6 11 0
-22 -35 6 -11 0
-22 -36 -6 12 0
-22 -36 6 -12 0
-23 -34 -6 13 0
-23 -34 6 -13 0
-23 -35 -6 14 0
-23 -35 6 -14 0
-23 -36 -6 15 0
-23 -36 6 -15 0
-24 -34 -6 16 0
-24 -34 6 -16 0
-24 -35 -6 17 0
-24 -35 6 -17 0
-24 -36 -6 18 0
-24 -36 6 -18 0
-25 -28 -7 10 0
-25 -28 7 -10 0
-25 -29 -7 11 0
-25 -29 7 -11 0
-25 -30 -7 12 0
-25 -30 7 -12 0
-26 -28 -7 13 0
-26 -28 7 -13 0
-26 -29 -7 14 0
-26 -29 7 -14 0
-26 -30 -7 15 0
-26 -30 7 -15 0
-27 -28 -7 16 0
-27 -28 7 -16 0
-27 -29 -7 17 0
-27 -29 7 -17 0
-27 -30 -7 18 0
-27 -30 7 -18 0
-25 -31 -8 10 0
-25 -31 8 -10 0
-25 -32 -8 11 0
-25 -32 8 -11 0
-25 -33 -8 12 0
-25 -33 8 -12 0
-26 -31 -8 13 0
-26 -31 8 -13 0
-26 -32 -8 14 0
-26 -32 8 -14 0
-26 -33 -8 15 0
-26 -33 8 -15 0
-27 -31 -8 16 0
-27 -31 8 -16 0
-27 -32 -8 17 0
-27 -32 8 -17 0
-27 -33 -8 18 0
-27 -33 8 -18 0
-25 -34 -9 10 0
-25 -34 9 -10 0
-25 -35 -9 11 0
-25 -35 9 -11 0
-25 -36 -9 12 0
-25 -36 9 -12 0
-26 -34 -9 13 0
-26 -34 9 -13 0
-26 -35 -9 14 0
-26 -35 9 -14 0
-26 -36 -9 15 0
-26 -36 9 -15 0
-27 -34 -9 16 0
-27 -34 9 -16 0
-27 -35 -9 17 0
-27 -35 9 -17 0
-27 -36 -9 18 0
-27 -36 9 -18 0
-11 -13 0
-11 -16 0
-12 -13 0
-12 -14 0
-12 -16 0
-12 -17 0
-13 -11 0
-13 -12 0
-14 -12 0
-14 -16 0
-15 -16 0
-15 -17 0
-16 -11 0
-16 -12 0
-16 -14 0
-16 -15 0
-17 -12 0
-17 -15 0
-1 0
2 0
3 0
-4 0
-5 0
6 0
7 0
8 0
9 0